1.423000e+01 1.710000e+00 2.430000e+00 1.560000e+01 1.270000e+02 2.800000e+00 3.060000e+00 2.800000e-01 2.290000e+00 5.640000e+00 1.040000e+00 3.920000e+00 1.065000e+03
1.320000e+01 1.780000e+00 2.140000e+00 1.120000e+01 1.000000e+02 2.650000e+00 2.760000e+00 2.600000e-01 1.280000e+00 4.380000e+00 1.050000e+00 3.400000e+00 1.050000e+03
1.316000e+01 2.360000e+00 2.670000e+00 1.860000e+01 1.010000e+02 2.800000e+00 3.240000e+00 3.000000e-01 2.810000e+00 5.680000e+00 1.030000e+00 3.170000e+00 1.185000e+03
1.437000e+01 1.950000e+00 2.500000e+00 1.680000e+01 1.130000e+02 3.850000e+00 3.490000e+00 2.400000e-01 2.180000e+00 7.800000e+00 8.600000e-01 3.450000e+00 1.480000e+03
1.324000e+01 2.590000e+00 2.870000e+00 2.100000e+01 1.180000e+02 2.800000e+00 2.690000e+00 3.900000e-01 1.820000e+00 4.320000e+00 1.040000e+00 2.930000e+00 7.350000e+02
1.420000e+01 1.760000e+00 2.450000e+00 1.520000e+01 1.120000e+02 3.270000e+00 3.390000e+00 3.400000e-01 1.970000e+00 6.750000e+00 1.050000e+00 2.850000e+00 1.450000e+03
1.439000e+01 1.870000e+00 2.450000e+00 1.460000e+01 9.600000e+01 2.500000e+00 2.520000e+00 3.000000e-01 1.980000e+00 5.250000e+00 1.020000e+00 3.580000e+00 1.290000e+03
1.406000e+01 2.150000e+00 2.610000e+00 1.760000e+01 1.210000e+02 2.600000e+00 2.510000e+00 3.100000e-01 1.250000e+00 5.050000e+00 1.060000e+00 3.580000e+00 1.295000e+03
1.483000e+01 1.640000e+00 2.170000e+00 1.400000e+01 9.700000e+01 2.800000e+00 2.980000e+00 2.900000e-01 1.980000e+00 5.200000e+00 1.080000e+00 2.850000e+00 1.045000e+03
1.386000e+01 1.350000e+00 2.270000e+00 1.600000e+01 9.800000e+01 2.980000e+00 3.150000e+00 2.200000e-01 1.850000e+00 7.220000e+00 1.010000e+00 3.550000e+00 1.045000e+03
1.410000e+01 2.160000e+00 2.300000e+00 1.800000e+01 1.050000e+02 2.950000e+00 3.320000e+00 2.200000e-01 2.380000e+00 5.750000e+00 1.250000e+00 3.170000e+00 1.510000e+03
1.412000e+01 1.480000e+00 2.320000e+00 1.680000e+01 9.500000e+01 2.200000e+00 2.430000e+00 2.600000e-01 1.570000e+00 5.000000e+00 1.170000e+00 2.820000e+00 1.280000e+03
1.375000e+01 1.730000e+00 2.410000e+00 1.600000e+01 8.900000e+01 2.600000e+00 2.760000e+00 2.900000e-01 1.810000e+00 5.600000e+00 1.150000e+00 2.900000e+00 1.320000e+03
1.475000e+01 1.730000e+00 2.390000e+00 1.140000e+01 9.100000e+01 3.100000e+00 3.690000e+00 4.300000e-01 2.810000e+00 5.400000e+00 1.250000e+00 2.730000e+00 1.150000e+03
1.438000e+01 1.870000e+00 2.380000e+00 1.200000e+01 1.020000e+02 3.300000e+00 3.640000e+00 2.900000e-01 2.960000e+00 7.500000e+00 1.200000e+00 3.000000e+00 1.547000e+03
1.363000e+01 1.810000e+00 2.700000e+00 1.720000e+01 1.120000e+02 2.850000e+00 2.910000e+00 3.000000e-01 1.460000e+00 7.300000e+00 1.280000e+00 2.880000e+00 1.310000e+03
1.430000e+01 1.920000e+00 2.720000e+00 2.000000e+01 1.200000e+02 2.800000e+00 3.140000e+00 3.300000e-01 1.970000e+00 6.200000e+00 1.070000e+00 2.650000e+00 1.280000e+03
1.383000e+01 1.570000e+00 2.620000e+00 2.000000e+01 1.150000e+02 2.950000e+00 3.400000e+00 4.000000e-01 1.720000e+00 6.600000e+00 1.130000e+00 2.570000e+00 1.130000e+03
1.419000e+01 1.590000e+00 2.480000e+00 1.650000e+01 1.080000e+02 3.300000e+00 3.930000e+00 3.200000e-01 1.860000e+00 8.700000e+00 1.230000e+00 2.820000e+00 1.680000e+03
1.364000e+01 3.100000e+00 2.560000e+00 1.520000e+01 1.160000e+02 2.700000e+00 3.030000e+00 1.700000e-01 1.660000e+00 5.100000e+00 9.600000e-01 3.360000e+00 8.450000e+02
1.406000e+01 1.630000e+00 2.280000e+00 1.600000e+01 1.260000e+02 3.000000e+00 3.170000e+00 2.400000e-01 2.100000e+00 5.650000e+00 1.090000e+00 3.710000e+00 7.800000e+02
1.293000e+01 3.800000e+00 2.650000e+00 1.860000e+01 1.020000e+02 2.410000e+00 2.410000e+00 2.500000e-01 1.980000e+00 4.500000e+00 1.030000e+00 3.520000e+00 7.700000e+02
1.371000e+01 1.860000e+00 2.360000e+00 1.660000e+01 1.010000e+02 2.610000e+00 2.880000e+00 2.700000e-01 1.690000e+00 3.800000e+00 1.110000e+00 4.000000e+00 1.035000e+03
1.285000e+01 1.600000e+00 2.520000e+00 1.780000e+01 9.500000e+01 2.480000e+00 2.370000e+00 2.600000e-01 1.460000e+00 3.930000e+00 1.090000e+00 3.630000e+00 1.015000e+03
1.350000e+01 1.810000e+00 2.610000e+00 2.000000e+01 9.600000e+01 2.530000e+00 2.610000e+00 2.800000e-01 1.660000e+00 3.520000e+00 1.120000e+00 3.820000e+00 8.450000e+02
1.305000e+01 2.050000e+00 3.220000e+00 2.500000e+01 1.240000e+02 2.630000e+00 2.680000e+00 4.700000e-01 1.920000e+00 3.580000e+00 1.130000e+00 3.200000e+00 8.300000e+02
1.339000e+01 1.770000e+00 2.620000e+00 1.610000e+01 9.300000e+01 2.850000e+00 2.940000e+00 3.400000e-01 1.450000e+00 4.800000e+00 9.200000e-01 3.220000e+00 1.195000e+03
1.330000e+01 1.720000e+00 2.140000e+00 1.700000e+01 9.400000e+01 2.400000e+00 2.190000e+00 2.700000e-01 1.350000e+00 3.950000e+00 1.020000e+00 2.770000e+00 1.285000e+03
1.387000e+01 1.900000e+00 2.800000e+00 1.940000e+01 1.070000e+02 2.950000e+00 2.970000e+00 3.700000e-01 1.760000e+00 4.500000e+00 1.250000e+00 3.400000e+00 9.150000e+02
1.402000e+01 1.680000e+00 2.210000e+00 1.600000e+01 9.600000e+01 2.650000e+00 2.330000e+00 2.600000e-01 1.980000e+00 4.700000e+00 1.040000e+00 3.590000e+00 1.035000e+03
1.373000e+01 1.500000e+00 2.700000e+00 2.250000e+01 1.010000e+02 3.000000e+00 3.250000e+00 2.900000e-01 2.380000e+00 5.700000e+00 1.190000e+00 2.710000e+00 1.285000e+03
1.358000e+01 1.660000e+00 2.360000e+00 1.910000e+01 1.060000e+02 2.860000e+00 3.190000e+00 2.200000e-01 1.950000e+00 6.900000e+00 1.090000e+00 2.880000e+00 1.515000e+03
1.368000e+01 1.830000e+00 2.360000e+00 1.720000e+01 1.040000e+02 2.420000e+00 2.690000e+00 4.200000e-01 1.970000e+00 3.840000e+00 1.230000e+00 2.870000e+00 9.900000e+02
1.376000e+01 1.530000e+00 2.700000e+00 1.950000e+01 1.320000e+02 2.950000e+00 2.740000e+00 5.000000e-01 1.350000e+00 5.400000e+00 1.250000e+00 3.000000e+00 1.235000e+03
1.351000e+01 1.800000e+00 2.650000e+00 1.900000e+01 1.100000e+02 2.350000e+00 2.530000e+00 2.900000e-01 1.540000e+00 4.200000e+00 1.100000e+00 2.870000e+00 1.095000e+03
1.348000e+01 1.810000e+00 2.410000e+00 2.050000e+01 1.000000e+02 2.700000e+00 2.980000e+00 2.600000e-01 1.860000e+00 5.100000e+00 1.040000e+00 3.470000e+00 9.200000e+02
1.328000e+01 1.640000e+00 2.840000e+00 1.550000e+01 1.100000e+02 2.600000e+00 2.680000e+00 3.400000e-01 1.360000e+00 4.600000e+00 1.090000e+00 2.780000e+00 8.800000e+02
1.305000e+01 1.650000e+00 2.550000e+00 1.800000e+01 9.800000e+01 2.450000e+00 2.430000e+00 2.900000e-01 1.440000e+00 4.250000e+00 1.120000e+00 2.510000e+00 1.105000e+03
1.307000e+01 1.500000e+00 2.100000e+00 1.550000e+01 9.800000e+01 2.400000e+00 2.640000e+00 2.800000e-01 1.370000e+00 3.700000e+00 1.180000e+00 2.690000e+00 1.020000e+03
1.422000e+01 3.990000e+00 2.510000e+00 1.320000e+01 1.280000e+02 3.000000e+00 3.040000e+00 2.000000e-01 2.080000e+00 5.100000e+00 8.900000e-01 3.530000e+00 7.600000e+02
1.356000e+01 1.710000e+00 2.310000e+00 1.620000e+01 1.170000e+02 3.150000e+00 3.290000e+00 3.400000e-01 2.340000e+00 6.130000e+00 9.500000e-01 3.380000e+00 7.950000e+02
1.341000e+01 3.840000e+00 2.120000e+00 1.880000e+01 9.000000e+01 2.450000e+00 2.680000e+00 2.700000e-01 1.480000e+00 4.280000e+00 9.100000e-01 3.000000e+00 1.035000e+03
1.388000e+01 1.890000e+00 2.590000e+00 1.500000e+01 1.010000e+02 3.250000e+00 3.560000e+00 1.700000e-01 1.700000e+00 5.430000e+00 8.800000e-01 3.560000e+00 1.095000e+03
1.324000e+01 3.980000e+00 2.290000e+00 1.750000e+01 1.030000e+02 2.640000e+00 2.630000e+00 3.200000e-01 1.660000e+00 4.360000e+00 8.200000e-01 3.000000e+00 6.800000e+02
1.305000e+01 1.770000e+00 2.100000e+00 1.700000e+01 1.070000e+02 3.000000e+00 3.000000e+00 2.800000e-01 2.030000e+00 5.040000e+00 8.800000e-01 3.350000e+00 8.850000e+02
1.421000e+01 4.040000e+00 2.440000e+00 1.890000e+01 1.110000e+02 2.850000e+00 2.650000e+00 3.000000e-01 1.250000e+00 5.240000e+00 8.700000e-01 3.330000e+00 1.080000e+03
1.438000e+01 3.590000e+00 2.280000e+00 1.600000e+01 1.020000e+02 3.250000e+00 3.170000e+00 2.700000e-01 2.190000e+00 4.900000e+00 1.040000e+00 3.440000e+00 1.065000e+03
1.390000e+01 1.680000e+00 2.120000e+00 1.600000e+01 1.010000e+02 3.100000e+00 3.390000e+00 2.100000e-01 2.140000e+00 6.100000e+00 9.100000e-01 3.330000e+00 9.850000e+02
1.410000e+01 2.020000e+00 2.400000e+00 1.880000e+01 1.030000e+02 2.750000e+00 2.920000e+00 3.200000e-01 2.380000e+00 6.200000e+00 1.070000e+00 2.750000e+00 1.060000e+03
1.394000e+01 1.730000e+00 2.270000e+00 1.740000e+01 1.080000e+02 2.880000e+00 3.540000e+00 3.200000e-01 2.080000e+00 8.900000e+00 1.120000e+00 3.100000e+00 1.260000e+03
1.305000e+01 1.730000e+00 2.040000e+00 1.240000e+01 9.200000e+01 2.720000e+00 3.270000e+00 1.700000e-01 2.910000e+00 7.200000e+00 1.120000e+00 2.910000e+00 1.150000e+03
1.383000e+01 1.650000e+00 2.600000e+00 1.720000e+01 9.400000e+01 2.450000e+00 2.990000e+00 2.200000e-01 2.290000e+00 5.600000e+00 1.240000e+00 3.370000e+00 1.265000e+03
1.382000e+01 1.750000e+00 2.420000e+00 1.400000e+01 1.110000e+02 3.880000e+00 3.740000e+00 3.200000e-01 1.870000e+00 7.050000e+00 1.010000e+00 3.260000e+00 1.190000e+03
1.377000e+01 1.900000e+00 2.680000e+00 1.710000e+01 1.150000e+02 3.000000e+00 2.790000e+00 3.900000e-01 1.680000e+00 6.300000e+00 1.130000e+00 2.930000e+00 1.375000e+03
1.374000e+01 1.670000e+00 2.250000e+00 1.640000e+01 1.180000e+02 2.600000e+00 2.900000e+00 2.100000e-01 1.620000e+00 5.850000e+00 9.200000e-01 3.200000e+00 1.060000e+03
1.356000e+01 1.730000e+00 2.460000e+00 2.050000e+01 1.160000e+02 2.960000e+00 2.780000e+00 2.000000e-01 2.450000e+00 6.250000e+00 9.800000e-01 3.030000e+00 1.120000e+03
1.422000e+01 1.700000e+00 2.300000e+00 1.630000e+01 1.180000e+02 3.200000e+00 3.000000e+00 2.600000e-01 2.030000e+00 6.380000e+00 9.400000e-01 3.310000e+00 9.700000e+02
1.329000e+01 1.970000e+00 2.680000e+00 1.680000e+01 1.020000e+02 3.000000e+00 3.230000e+00 3.100000e-01 1.660000e+00 6.000000e+00 1.070000e+00 2.840000e+00 1.270000e+03
1.372000e+01 1.430000e+00 2.500000e+00 1.670000e+01 1.080000e+02 3.400000e+00 3.670000e+00 1.900000e-01 2.040000e+00 6.800000e+00 8.900000e-01 2.870000e+00 1.285000e+03
1.237000e+01 9.400000e-01 1.360000e+00 1.060000e+01 8.800000e+01 1.980000e+00 5.700000e-01 2.800000e-01 4.200000e-01 1.950000e+00 1.050000e+00 1.820000e+00 5.200000e+02
1.233000e+01 1.100000e+00 2.280000e+00 1.600000e+01 1.010000e+02 2.050000e+00 1.090000e+00 6.300000e-01 4.100000e-01 3.270000e+00 1.250000e+00 1.670000e+00 6.800000e+02
1.264000e+01 1.360000e+00 2.020000e+00 1.680000e+01 1.000000e+02 2.020000e+00 1.410000e+00 5.300000e-01 6.200000e-01 5.750000e+00 9.800000e-01 1.590000e+00 4.500000e+02
1.367000e+01 1.250000e+00 1.920000e+00 1.800000e+01 9.400000e+01 2.100000e+00 1.790000e+00 3.200000e-01 7.300000e-01 3.800000e+00 1.230000e+00 2.460000e+00 6.300000e+02
1.237000e+01 1.130000e+00 2.160000e+00 1.900000e+01 8.700000e+01 3.500000e+00 3.100000e+00 1.900000e-01 1.870000e+00 4.450000e+00 1.220000e+00 2.870000e+00 4.200000e+02
1.217000e+01 1.450000e+00 2.530000e+00 1.900000e+01 1.040000e+02 1.890000e+00 1.750000e+00 4.500000e-01 1.030000e+00 2.950000e+00 1.450000e+00 2.230000e+00 3.550000e+02
1.237000e+01 1.210000e+00 2.560000e+00 1.810000e+01 9.800000e+01 2.420000e+00 2.650000e+00 3.700000e-01 2.080000e+00 4.600000e+00 1.190000e+00 2.300000e+00 6.780000e+02
1.311000e+01 1.010000e+00 1.700000e+00 1.500000e+01 7.800000e+01 2.980000e+00 3.180000e+00 2.600000e-01 2.280000e+00 5.300000e+00 1.120000e+00 3.180000e+00 5.020000e+02
1.237000e+01 1.170000e+00 1.920000e+00 1.960000e+01 7.800000e+01 2.110000e+00 2.000000e+00 2.700000e-01 1.040000e+00 4.680000e+00 1.120000e+00 3.480000e+00 5.100000e+02
1.334000e+01 9.400000e-01 2.360000e+00 1.700000e+01 1.100000e+02 2.530000e+00 1.300000e+00 5.500000e-01 4.200000e-01 3.170000e+00 1.020000e+00 1.930000e+00 7.500000e+02
1.221000e+01 1.190000e+00 1.750000e+00 1.680000e+01 1.510000e+02 1.850000e+00 1.280000e+00 1.400000e-01 2.500000e+00 2.850000e+00 1.280000e+00 3.070000e+00 7.180000e+02
1.229000e+01 1.610000e+00 2.210000e+00 2.040000e+01 1.030000e+02 1.100000e+00 1.020000e+00 3.700000e-01 1.460000e+00 3.050000e+00 9.060000e-01 1.820000e+00 8.700000e+02
1.386000e+01 1.510000e+00 2.670000e+00 2.500000e+01 8.600000e+01 2.950000e+00 2.860000e+00 2.100000e-01 1.870000e+00 3.380000e+00 1.360000e+00 3.160000e+00 4.100000e+02
1.349000e+01 1.660000e+00 2.240000e+00 2.400000e+01 8.700000e+01 1.880000e+00 1.840000e+00 2.700000e-01 1.030000e+00 3.740000e+00 9.800000e-01 2.780000e+00 4.720000e+02
1.299000e+01 1.670000e+00 2.600000e+00 3.000000e+01 1.390000e+02 3.300000e+00 2.890000e+00 2.100000e-01 1.960000e+00 3.350000e+00 1.310000e+00 3.500000e+00 9.850000e+02
1.196000e+01 1.090000e+00 2.300000e+00 2.100000e+01 1.010000e+02 3.380000e+00 2.140000e+00 1.300000e-01 1.650000e+00 3.210000e+00 9.900000e-01 3.130000e+00 8.860000e+02
1.166000e+01 1.880000e+00 1.920000e+00 1.600000e+01 9.700000e+01 1.610000e+00 1.570000e+00 3.400000e-01 1.150000e+00 3.800000e+00 1.230000e+00 2.140000e+00 4.280000e+02
1.303000e+01 9.000000e-01 1.710000e+00 1.600000e+01 8.600000e+01 1.950000e+00 2.030000e+00 2.400000e-01 1.460000e+00 4.600000e+00 1.190000e+00 2.480000e+00 3.920000e+02
1.184000e+01 2.890000e+00 2.230000e+00 1.800000e+01 1.120000e+02 1.720000e+00 1.320000e+00 4.300000e-01 9.500000e-01 2.650000e+00 9.600000e-01 2.520000e+00 5.000000e+02
1.233000e+01 9.900000e-01 1.950000e+00 1.480000e+01 1.360000e+02 1.900000e+00 1.850000e+00 3.500000e-01 2.760000e+00 3.400000e+00 1.060000e+00 2.310000e+00 7.500000e+02
1.270000e+01 3.870000e+00 2.400000e+00 2.300000e+01 1.010000e+02 2.830000e+00 2.550000e+00 4.300000e-01 1.950000e+00 2.570000e+00 1.190000e+00 3.130000e+00 4.630000e+02
1.200000e+01 9.200000e-01 2.000000e+00 1.900000e+01 8.600000e+01 2.420000e+00 2.260000e+00 3.000000e-01 1.430000e+00 2.500000e+00 1.380000e+00 3.120000e+00 2.780000e+02
1.272000e+01 1.810000e+00 2.200000e+00 1.880000e+01 8.600000e+01 2.200000e+00 2.530000e+00 2.600000e-01 1.770000e+00 3.900000e+00 1.160000e+00 3.140000e+00 7.140000e+02
1.208000e+01 1.130000e+00 2.510000e+00 2.400000e+01 7.800000e+01 2.000000e+00 1.580000e+00 4.000000e-01 1.400000e+00 2.200000e+00 1.310000e+00 2.720000e+00 6.300000e+02
1.305000e+01 3.860000e+00 2.320000e+00 2.250000e+01 8.500000e+01 1.650000e+00 1.590000e+00 6.100000e-01 1.620000e+00 4.800000e+00 8.400000e-01 2.010000e+00 5.150000e+02
1.184000e+01 8.900000e-01 2.580000e+00 1.800000e+01 9.400000e+01 2.200000e+00 2.210000e+00 2.200000e-01 2.350000e+00 3.050000e+00 7.900000e-01 3.080000e+00 5.200000e+02
1.267000e+01 9.800000e-01 2.240000e+00 1.800000e+01 9.900000e+01 2.200000e+00 1.940000e+00 3.000000e-01 1.460000e+00 2.620000e+00 1.230000e+00 3.160000e+00 4.500000e+02
1.216000e+01 1.610000e+00 2.310000e+00 2.280000e+01 9.000000e+01 1.780000e+00 1.690000e+00 4.300000e-01 1.560000e+00 2.450000e+00 1.330000e+00 2.260000e+00 4.950000e+02
1.165000e+01 1.670000e+00 2.620000e+00 2.600000e+01 8.800000e+01 1.920000e+00 1.610000e+00 4.000000e-01 1.340000e+00 2.600000e+00 1.360000e+00 3.210000e+00 5.620000e+02
1.164000e+01 2.060000e+00 2.460000e+00 2.160000e+01 8.400000e+01 1.950000e+00 1.690000e+00 4.800000e-01 1.350000e+00 2.800000e+00 1.000000e+00 2.750000e+00 6.800000e+02
1.208000e+01 1.330000e+00 2.300000e+00 2.360000e+01 7.000000e+01 2.200000e+00 1.590000e+00 4.200000e-01 1.380000e+00 1.740000e+00 1.070000e+00 3.210000e+00 6.250000e+02
1.208000e+01 1.830000e+00 2.320000e+00 1.850000e+01 8.100000e+01 1.600000e+00 1.500000e+00 5.200000e-01 1.640000e+00 2.400000e+00 1.080000e+00 2.270000e+00 4.800000e+02
1.200000e+01 1.510000e+00 2.420000e+00 2.200000e+01 8.600000e+01 1.450000e+00 1.250000e+00 5.000000e-01 1.630000e+00 3.600000e+00 1.050000e+00 2.650000e+00 4.500000e+02
1.269000e+01 1.530000e+00 2.260000e+00 2.070000e+01 8.000000e+01 1.380000e+00 1.460000e+00 5.800000e-01 1.620000e+00 3.050000e+00 9.600000e-01 2.060000e+00 4.950000e+02
1.229000e+01 2.830000e+00 2.220000e+00 1.800000e+01 8.800000e+01 2.450000e+00 2.250000e+00 2.500000e-01 1.990000e+00 2.150000e+00 1.150000e+00 3.300000e+00 2.900000e+02
1.162000e+01 1.990000e+00 2.280000e+00 1.800000e+01 9.800000e+01 3.020000e+00 2.260000e+00 1.700000e-01 1.350000e+00 3.250000e+00 1.160000e+00 2.960000e+00 3.450000e+02
1.247000e+01 1.520000e+00 2.200000e+00 1.900000e+01 1.620000e+02 2.500000e+00 2.270000e+00 3.200000e-01 3.280000e+00 2.600000e+00 1.160000e+00 2.630000e+00 9.370000e+02
1.181000e+01 2.120000e+00 2.740000e+00 2.150000e+01 1.340000e+02 1.600000e+00 9.900000e-01 1.400000e-01 1.560000e+00 2.500000e+00 9.500000e-01 2.260000e+00 6.250000e+02
1.229000e+01 1.410000e+00 1.980000e+00 1.600000e+01 8.500000e+01 2.550000e+00 2.500000e+00 2.900000e-01 1.770000e+00 2.900000e+00 1.230000e+00 2.740000e+00 4.280000e+02
1.237000e+01 1.070000e+00 2.100000e+00 1.850000e+01 8.800000e+01 3.520000e+00 3.750000e+00 2.400000e-01 1.950000e+00 4.500000e+00 1.040000e+00 2.770000e+00 6.600000e+02
1.229000e+01 3.170000e+00 2.210000e+00 1.800000e+01 8.800000e+01 2.850000e+00 2.990000e+00 4.500000e-01 2.810000e+00 2.300000e+00 1.420000e+00 2.830000e+00 4.060000e+02
1.208000e+01 2.080000e+00 1.700000e+00 1.750000e+01 9.700000e+01 2.230000e+00 2.170000e+00 2.600000e-01 1.400000e+00 3.300000e+00 1.270000e+00 2.960000e+00 7.100000e+02
1.260000e+01 1.340000e+00 1.900000e+00 1.850000e+01 8.800000e+01 1.450000e+00 1.360000e+00 2.900000e-01 1.350000e+00 2.450000e+00 1.040000e+00 2.770000e+00 5.620000e+02
1.234000e+01 2.450000e+00 2.460000e+00 2.100000e+01 9.800000e+01 2.560000e+00 2.110000e+00 3.400000e-01 1.310000e+00 2.800000e+00 8.000000e-01 3.380000e+00 4.380000e+02
1.182000e+01 1.720000e+00 1.880000e+00 1.950000e+01 8.600000e+01 2.500000e+00 1.640000e+00 3.700000e-01 1.420000e+00 2.060000e+00 9.400000e-01 2.440000e+00 4.150000e+02
1.251000e+01 1.730000e+00 1.980000e+00 2.050000e+01 8.500000e+01 2.200000e+00 1.920000e+00 3.200000e-01 1.480000e+00 2.940000e+00 1.040000e+00 3.570000e+00 6.720000e+02
1.242000e+01 2.550000e+00 2.270000e+00 2.200000e+01 9.000000e+01 1.680000e+00 1.840000e+00 6.600000e-01 1.420000e+00 2.700000e+00 8.600000e-01 3.300000e+00 3.150000e+02
1.225000e+01 1.730000e+00 2.120000e+00 1.900000e+01 8.000000e+01 1.650000e+00 2.030000e+00 3.700000e-01 1.630000e+00 3.400000e+00 1.000000e+00 3.170000e+00 5.100000e+02
1.272000e+01 1.750000e+00 2.280000e+00 2.250000e+01 8.400000e+01 1.380000e+00 1.760000e+00 4.800000e-01 1.630000e+00 3.300000e+00 8.800000e-01 2.420000e+00 4.880000e+02
1.222000e+01 1.290000e+00 1.940000e+00 1.900000e+01 9.200000e+01 2.360000e+00 2.040000e+00 3.900000e-01 2.080000e+00 2.700000e+00 8.600000e-01 3.020000e+00 3.120000e+02
1.161000e+01 1.350000e+00 2.700000e+00 2.000000e+01 9.400000e+01 2.740000e+00 2.920000e+00 2.900000e-01 2.490000e+00 2.650000e+00 9.600000e-01 3.260000e+00 6.800000e+02
1.146000e+01 3.740000e+00 1.820000e+00 1.950000e+01 1.070000e+02 3.180000e+00 2.580000e+00 2.400000e-01 3.580000e+00 2.900000e+00 7.500000e-01 2.810000e+00 5.620000e+02
1.252000e+01 2.430000e+00 2.170000e+00 2.100000e+01 8.800000e+01 2.550000e+00 2.270000e+00 2.600000e-01 1.220000e+00 2.000000e+00 9.000000e-01 2.780000e+00 3.250000e+02
1.176000e+01 2.680000e+00 2.920000e+00 2.000000e+01 1.030000e+02 1.750000e+00 2.030000e+00 6.000000e-01 1.050000e+00 3.800000e+00 1.230000e+00 2.500000e+00 6.070000e+02
1.141000e+01 7.400000e-01 2.500000e+00 2.100000e+01 8.800000e+01 2.480000e+00 2.010000e+00 4.200000e-01 1.440000e+00 3.080000e+00 1.100000e+00 2.310000e+00 4.340000e+02
1.208000e+01 1.390000e+00 2.500000e+00 2.250000e+01 8.400000e+01 2.560000e+00 2.290000e+00 4.300000e-01 1.040000e+00 2.900000e+00 9.300000e-01 3.190000e+00 3.850000e+02
1.103000e+01 1.510000e+00 2.200000e+00 2.150000e+01 8.500000e+01 2.460000e+00 2.170000e+00 5.200000e-01 2.010000e+00 1.900000e+00 1.710000e+00 2.870000e+00 4.070000e+02
1.182000e+01 1.470000e+00 1.990000e+00 2.080000e+01 8.600000e+01 1.980000e+00 1.600000e+00 3.000000e-01 1.530000e+00 1.950000e+00 9.500000e-01 3.330000e+00 4.950000e+02
1.242000e+01 1.610000e+00 2.190000e+00 2.250000e+01 1.080000e+02 2.000000e+00 2.090000e+00 3.400000e-01 1.610000e+00 2.060000e+00 1.060000e+00 2.960000e+00 3.450000e+02
1.277000e+01 3.430000e+00 1.980000e+00 1.600000e+01 8.000000e+01 1.630000e+00 1.250000e+00 4.300000e-01 8.300000e-01 3.400000e+00 7.000000e-01 2.120000e+00 3.720000e+02
1.200000e+01 3.430000e+00 2.000000e+00 1.900000e+01 8.700000e+01 2.000000e+00 1.640000e+00 3.700000e-01 1.870000e+00 1.280000e+00 9.300000e-01 3.050000e+00 5.640000e+02
1.145000e+01 2.400000e+00 2.420000e+00 2.000000e+01 9.600000e+01 2.900000e+00 2.790000e+00 3.200000e-01 1.830000e+00 3.250000e+00 8.000000e-01 3.390000e+00 6.250000e+02
1.156000e+01 2.050000e+00 3.230000e+00 2.850000e+01 1.190000e+02 3.180000e+00 5.080000e+00 4.700000e-01 1.870000e+00 6.000000e+00 9.300000e-01 3.690000e+00 4.650000e+02
1.242000e+01 4.430000e+00 2.730000e+00 2.650000e+01 1.020000e+02 2.200000e+00 2.130000e+00 4.300000e-01 1.710000e+00 2.080000e+00 9.200000e-01 3.120000e+00 3.650000e+02
1.305000e+01 5.800000e+00 2.130000e+00 2.150000e+01 8.600000e+01 2.620000e+00 2.650000e+00 3.000000e-01 2.010000e+00 2.600000e+00 7.300000e-01 3.100000e+00 3.800000e+02
1.187000e+01 4.310000e+00 2.390000e+00 2.100000e+01 8.200000e+01 2.860000e+00 3.030000e+00 2.100000e-01 2.910000e+00 2.800000e+00 7.500000e-01 3.640000e+00 3.800000e+02
1.207000e+01 2.160000e+00 2.170000e+00 2.100000e+01 8.500000e+01 2.600000e+00 2.650000e+00 3.700000e-01 1.350000e+00 2.760000e+00 8.600000e-01 3.280000e+00 3.780000e+02
1.243000e+01 1.530000e+00 2.290000e+00 2.150000e+01 8.600000e+01 2.740000e+00 3.150000e+00 3.900000e-01 1.770000e+00 3.940000e+00 6.900000e-01 2.840000e+00 3.520000e+02
1.179000e+01 2.130000e+00 2.780000e+00 2.850000e+01 9.200000e+01 2.130000e+00 2.240000e+00 5.800000e-01 1.760000e+00 3.000000e+00 9.700000e-01 2.440000e+00 4.660000e+02
1.237000e+01 1.630000e+00 2.300000e+00 2.450000e+01 8.800000e+01 2.220000e+00 2.450000e+00 4.000000e-01 1.900000e+00 2.120000e+00 8.900000e-01 2.780000e+00 3.420000e+02
1.204000e+01 4.300000e+00 2.380000e+00 2.200000e+01 8.000000e+01 2.100000e+00 1.750000e+00 4.200000e-01 1.350000e+00 2.600000e+00 7.900000e-01 2.570000e+00 5.800000e+02
1.286000e+01 1.350000e+00 2.320000e+00 1.800000e+01 1.220000e+02 1.510000e+00 1.250000e+00 2.100000e-01 9.400000e-01 4.100000e+00 7.600000e-01 1.290000e+00 6.300000e+02
1.288000e+01 2.990000e+00 2.400000e+00 2.000000e+01 1.040000e+02 1.300000e+00 1.220000e+00 2.400000e-01 8.300000e-01 5.400000e+00 7.400000e-01 1.420000e+00 5.300000e+02
1.281000e+01 2.310000e+00 2.400000e+00 2.400000e+01 9.800000e+01 1.150000e+00 1.090000e+00 2.700000e-01 8.300000e-01 5.700000e+00 6.600000e-01 1.360000e+00 5.600000e+02
1.270000e+01 3.550000e+00 2.360000e+00 2.150000e+01 1.060000e+02 1.700000e+00 1.200000e+00 1.700000e-01 8.400000e-01 5.000000e+00 7.800000e-01 1.290000e+00 6.000000e+02
1.251000e+01 1.240000e+00 2.250000e+00 1.750000e+01 8.500000e+01 2.000000e+00 5.800000e-01 6.000000e-01 1.250000e+00 5.450000e+00 7.500000e-01 1.510000e+00 6.500000e+02
1.260000e+01 2.460000e+00 2.200000e+00 1.850000e+01 9.400000e+01 1.620000e+00 6.600000e-01 6.300000e-01 9.400000e-01 7.100000e+00 7.300000e-01 1.580000e+00 6.950000e+02
1.225000e+01 4.720000e+00 2.540000e+00 2.100000e+01 8.900000e+01 1.380000e+00 4.700000e-01 5.300000e-01 8.000000e-01 3.850000e+00 7.500000e-01 1.270000e+00 7.200000e+02
1.253000e+01 5.510000e+00 2.640000e+00 2.500000e+01 9.600000e+01 1.790000e+00 6.000000e-01 6.300000e-01 1.100000e+00 5.000000e+00 8.200000e-01 1.690000e+00 5.150000e+02
1.349000e+01 3.590000e+00 2.190000e+00 1.950000e+01 8.800000e+01 1.620000e+00 4.800000e-01 5.800000e-01 8.800000e-01 5.700000e+00 8.100000e-01 1.820000e+00 5.800000e+02
1.284000e+01 2.960000e+00 2.610000e+00 2.400000e+01 1.010000e+02 2.320000e+00 6.000000e-01 5.300000e-01 8.100000e-01 4.920000e+00 8.900000e-01 2.150000e+00 5.900000e+02
1.293000e+01 2.810000e+00 2.700000e+00 2.100000e+01 9.600000e+01 1.540000e+00 5.000000e-01 5.300000e-01 7.500000e-01 4.600000e+00 7.700000e-01 2.310000e+00 6.000000e+02
1.336000e+01 2.560000e+00 2.350000e+00 2.000000e+01 8.900000e+01 1.400000e+00 5.000000e-01 3.700000e-01 6.400000e-01 5.600000e+00 7.000000e-01 2.470000e+00 7.800000e+02
1.352000e+01 3.170000e+00 2.720000e+00 2.350000e+01 9.700000e+01 1.550000e+00 5.200000e-01 5.000000e-01 5.500000e-01 4.350000e+00 8.900000e-01 2.060000e+00 5.200000e+02
1.362000e+01 4.950000e+00 2.350000e+00 2.000000e+01 9.200000e+01 2.000000e+00 8.000000e-01 4.700000e-01 1.020000e+00 4.400000e+00 9.100000e-01 2.050000e+00 5.500000e+02
1.225000e+01 3.880000e+00 2.200000e+00 1.850000e+01 1.120000e+02 1.380000e+00 7.800000e-01 2.900000e-01 1.140000e+00 8.210000e+00 6.500000e-01 2.000000e+00 8.550000e+02
1.316000e+01 3.570000e+00 2.150000e+00 2.100000e+01 1.020000e+02 1.500000e+00 5.500000e-01 4.300000e-01 1.300000e+00 4.000000e+00 6.000000e-01 1.680000e+00 8.300000e+02
1.388000e+01 5.040000e+00 2.230000e+00 2.000000e+01 8.000000e+01 9.800000e-01 3.400000e-01 4.000000e-01 6.800000e-01 4.900000e+00 5.800000e-01 1.330000e+00 4.150000e+02
1.287000e+01 4.610000e+00 2.480000e+00 2.150000e+01 8.600000e+01 1.700000e+00 6.500000e-01 4.700000e-01 8.600000e-01 7.650000e+00 5.400000e-01 1.860000e+00 6.250000e+02
1.332000e+01 3.240000e+00 2.380000e+00 2.150000e+01 9.200000e+01 1.930000e+00 7.600000e-01 4.500000e-01 1.250000e+00 8.420000e+00 5.500000e-01 1.620000e+00 6.500000e+02
1.308000e+01 3.900000e+00 2.360000e+00 2.150000e+01 1.130000e+02 1.410000e+00 1.390000e+00 3.400000e-01 1.140000e+00 9.400000e+00 5.700000e-01 1.330000e+00 5.500000e+02
1.350000e+01 3.120000e+00 2.620000e+00 2.400000e+01 1.230000e+02 1.400000e+00 1.570000e+00 2.200000e-01 1.250000e+00 8.600000e+00 5.900000e-01 1.300000e+00 5.000000e+02
1.279000e+01 2.670000e+00 2.480000e+00 2.200000e+01 1.120000e+02 1.480000e+00 1.360000e+00 2.400000e-01 1.260000e+00 1.080000e+01 4.800000e-01 1.470000e+00 4.800000e+02
1.311000e+01 1.900000e+00 2.750000e+00 2.550000e+01 1.160000e+02 2.200000e+00 1.280000e+00 2.600000e-01 1.560000e+00 7.100000e+00 6.100000e-01 1.330000e+00 4.250000e+02
1.323000e+01 3.300000e+00 2.280000e+00 1.850000e+01 9.800000e+01 1.800000e+00 8.300000e-01 6.100000e-01 1.870000e+00 1.052000e+01 5.600000e-01 1.510000e+00 6.750000e+02
1.258000e+01 1.290000e+00 2.100000e+00 2.000000e+01 1.030000e+02 1.480000e+00 5.800000e-01 5.300000e-01 1.400000e+00 7.600000e+00 5.800000e-01 1.550000e+00 6.400000e+02
1.317000e+01 5.190000e+00 2.320000e+00 2.200000e+01 9.300000e+01 1.740000e+00 6.300000e-01 6.100000e-01 1.550000e+00 7.900000e+00 6.000000e-01 1.480000e+00 7.250000e+02
1.384000e+01 4.120000e+00 2.380000e+00 1.950000e+01 8.900000e+01 1.800000e+00 8.300000e-01 4.800000e-01 1.560000e+00 9.010000e+00 5.700000e-01 1.640000e+00 4.800000e+02
1.245000e+01 3.030000e+00 2.640000e+00 2.700000e+01 9.700000e+01 1.900000e+00 5.800000e-01 6.300000e-01 1.140000e+00 7.500000e+00 6.700000e-01 1.730000e+00 8.800000e+02
1.434000e+01 1.680000e+00 2.700000e+00 2.500000e+01 9.800000e+01 2.800000e+00 1.310000e+00 5.300000e-01 2.700000e+00 1.300000e+01 5.700000e-01 1.960000e+00 6.600000e+02
1.348000e+01 1.670000e+00 2.640000e+00 2.250000e+01 8.900000e+01 2.600000e+00 1.100000e+00 5.200000e-01 2.290000e+00 1.175000e+01 5.700000e-01 1.780000e+00 6.200000e+02
1.236000e+01 3.830000e+00 2.380000e+00 2.100000e+01 8.800000e+01 2.300000e+00 9.200000e-01 5.000000e-01 1.040000e+00 7.650000e+00 5.600000e-01 1.580000e+00 5.200000e+02
1.369000e+01 3.260000e+00 2.540000e+00 2.000000e+01 1.070000e+02 1.830000e+00 5.600000e-01 5.000000e-01 8.000000e-01 5.880000e+00 9.600000e-01 1.820000e+00 6.800000e+02
1.285000e+01 3.270000e+00 2.580000e+00 2.200000e+01 1.060000e+02 1.650000e+00 6.000000e-01 6.000000e-01 9.600000e-01 5.580000e+00 8.700000e-01 2.110000e+00 5.700000e+02
1.296000e+01 3.450000e+00 2.350000e+00 1.850000e+01 1.060000e+02 1.390000e+00 7.000000e-01 4.000000e-01 9.400000e-01 5.280000e+00 6.800000e-01 1.750000e+00 6.750000e+02
1.378000e+01 2.760000e+00 2.300000e+00 2.200000e+01 9.000000e+01 1.350000e+00 6.800000e-01 4.100000e-01 1.030000e+00 9.580000e+00 7.000000e-01 1.680000e+00 6.150000e+02
1.373000e+01 4.360000e+00 2.260000e+00 2.250000e+01 8.800000e+01 1.280000e+00 4.700000e-01 5.200000e-01 1.150000e+00 6.620000e+00 7.800000e-01 1.750000e+00 5.200000e+02
1.345000e+01 3.700000e+00 2.600000e+00 2.300000e+01 1.110000e+02 1.700000e+00 9.200000e-01 4.300000e-01 1.460000e+00 1.068000e+01 8.500000e-01 1.560000e+00 6.950000e+02
1.282000e+01 3.370000e+00 2.300000e+00 1.950000e+01 8.800000e+01 1.480000e+00 6.600000e-01 4.000000e-01 9.700000e-01 1.026000e+01 7.200000e-01 1.750000e+00 6.850000e+02
1.358000e+01 2.580000e+00 2.690000e+00 2.450000e+01 1.050000e+02 1.550000e+00 8.400000e-01 3.900000e-01 1.540000e+00 8.660000e+00 7.400000e-01 1.800000e+00 7.500000e+02
1.340000e+01 4.600000e+00 2.860000e+00 2.500000e+01 1.120000e+02 1.980000e+00 9.600000e-01 2.700000e-01 1.110000e+00 8.500000e+00 6.700000e-01 1.920000e+00 6.300000e+02
1.220000e+01 3.030000e+00 2.320000e+00 1.900000e+01 9.600000e+01 1.250000e+00 4.900000e-01 4.000000e-01 7.300000e-01 5.500000e+00 6.600000e-01 1.830000e+00 5.100000e+02
1.277000e+01 2.390000e+00 2.280000e+00 1.950000e+01 8.600000e+01 1.390000e+00 5.100000e-01 4.800000e-01 6.400000e-01 9.899999e+00 5.700000e-01 1.630000e+00 4.700000e+02
1.416000e+01 2.510000e+00 2.480000e+00 2.000000e+01 9.100000e+01 1.680000e+00 7.000000e-01 4.400000e-01 1.240000e+00 9.700000e+00 6.200000e-01 1.710000e+00 6.600000e+02
1.371000e+01 5.650000e+00 2.450000e+00 2.050000e+01 9.500000e+01 1.680000e+00 6.100000e-01 5.200000e-01 1.060000e+00 7.700000e+00 6.400000e-01 1.740000e+00 7.400000e+02
1.340000e+01 3.910000e+00 2.480000e+00 2.300000e+01 1.020000e+02 1.800000e+00 7.500000e-01 4.300000e-01 1.410000e+00 7.300000e+00 7.000000e-01 1.560000e+00 7.500000e+02
1.327000e+01 4.280000e+00 2.260000e+00 2.000000e+01 1.200000e+02 1.590000e+00 6.900000e-01 4.300000e-01 1.350000e+00 1.020000e+01 5.900000e-01 1.560000e+00 8.350000e+02
1.317000e+01 2.590000e+00 2.370000e+00 2.000000e+01 1.200000e+02 1.650000e+00 6.800000e-01 5.300000e-01 1.460000e+00 9.300000e+00 6.000000e-01 1.620000e+00 8.400000e+02
1.413000e+01 4.100000e+00 2.740000e+00 2.450000e+01 9.600000e+01 2.050000e+00 7.600000e-01 5.600000e-01 1.350000e+00 9.200000e+00 6.100000e-01 1.600000e+00 5.600000e+02
